tensor([[  101,  5342,  2047,  3595,  8496,  2013,  1996, 18643,  3197,   102,
             0,     0,     0,     0,     0],
        [  101,  3397,  2053, 15966,  1010,  2069,  4450,  2098, 18201,  2015,
           102,     0,     0,     0,     0],
        [  101,  2008,  7459,  2049,  3494,  1998, 10639,  2015,  2242,  2738,
          3376,  2055,  2529,  3267,   102],
        [  101,  3464, 12580,  8510,  2000,  3961,  1996,  2168,  2802,   102,
             0,     0,     0,     0,     0]])
tensor([[1, 1, 1, 1, 1, 1, 1, 1, 1, 1, 0, 0, 0, 0, 0],
        [1, 1, 1, 1, 1, 1, 1, 1, 1, 1, 1, 0, 0, 0, 0],
        [1, 1, 1, 1, 1, 1, 1, 1, 1, 1, 1, 1, 1, 1, 1],
        [1, 1, 1, 1, 1, 1, 1, 1, 1, 1, 0, 0, 0, 0, 0]])
